343
347
348
350
351
354
333
334
335
362
633
641
655
663
368
661
662
671
673
695
697
698
317
318
319
321
324
355
360
635
705
643
644
645
338
337
332
339
19
20
92
93
94
95
163
31
33
35
149
215
216
235
237
511
512
513
514
518
515
521
522
680
683
666
667
687
688
689
690
691
681
684
1
2
3
4
5
6
7
8
89
159
185
674
676
678
323
78
80
99
150
205
221
239
571
572
28
29
42
43
41
60
105
246
135
136
137
138
157
257
258
601
602
603
604
606
607
608
609
610
611
519
520
523
524
525
529
530
531
532
536
537
538
539
540
550
508
509
527
528
533
534
535
541
542
543
549
642
694
544
545
58
59
77
104
106
145
326
328
329
679
685
686
322
325
349
352
353
336
340
341
342
346
356
357
365
36
44
45
46
67
68
101
155
160
182
224
9
10
11
12
30
32
34
230
52
53
61
62
63
64
65
66
107
175
190
210
245
648
650
651
693
706
560
564
565
566
567
568
569
570
580
117
124
125
126
127
128
129
130
131
132
133
134
146
148
152
156
226
256
592
594
595
596
597
598
599
600
115
574
575
576
577
581
578
331
39
40
51
84
85
86
103
153
320
639
139
140
141
142
143
144
158
179
612
613
614
615
616
617
618
619
620
622
696
305
306
307
308
310
311
361
630
631
632
312
314
315
316
634
13
14
15
16
17
18
232
233
501
502
503
504
505
506
507
510
526
301
621
623
624
625
54
55
56
57
70
71
72
73
74
76
108
113
151
675
677
344
345
647
546
547
548
551
552
553
554
555
556
557
558
559
561
562
563
593
21
22
23
24
25
26
27
164
174
204
109
110
111
112
114
116
118
119
120
121
122
123
202
203
206
207
208
582
583
584
585
586
587
588
589
590
591
302
627
628
656
657
658
659
692
629
670
79
81
82
83
87
88
90
91
96
97
98
102
154
162
218
664
37
38
47
48
49
50
69
75
100
147
161
213
219
225